700000000006750209004090000400002090080000020050800003000010500103048600000000001
123456789456789123789023456214365897365897214897214365531642978642978531978531642
123456789456789123789123456214365890365897214897214365531642978642978531978531642
123456789456789123789123456214065897365897214897214365531642978642978531978531642
123456789456789123789123456214365890365897214897214365531642978642978531978531642
123456789456789123789123456214365897365897204897214365531642978642978531978531642
123456789456789123789123456004365897365897214897214365531642978642978531978531642
123456789406789123789123456214365897365897214897214365531642978642978531978531642
000000000030040007000000000020005001000230400000000000000000103010020000000000000
500600401090030020000000000005103060700000000000402003000020070801006000004000809
